-4708.69873046875	-4671.37988281250
1988.12097167969	2001.66223144531
25.4797058105469	42.0500869750977
5052.10009765625	5072.00390625000
2384.10693359375	2397.99804687500
-2683.45434570313	-2672.82226562500
2806.12475585938	2813.38623046875
-38036.9726562500	-38033.8437500000
-37289.3320312500	-37289.7460937500
-79166.3828125000	-79155.5468750000
-10656.3623046875	-10635.4013671875
-1966.25488281250	-1945.52441406250
-3582.60449218750	-3563.24365234375
-1632.21618652344	-1622.39331054688
-55684.1367187500	-55677.1250000000
-828.364501953125	-824.294250488281
-5515.36425781250	-5514.59667968750
-3309.48901367188	-3287.49316406250
-5348.66943359375	-5331.87646484375
-6405.01074218750	-6385.68115234375
-446.837341308594	-428.540832519531
-1386.79589843750	-1379.19323730469
-12689.2900390625	-12684.6142578125
-20531.9121093750	-20530.7890625000
-1446.21020507813	-1426.23840332031
-3909.95849609375	-3897.15991210938
5204.75732421875	5173.32617187500
-3393.71411132813	-3381.39477539063
-3558.73510742188	-3548.32666015625
705.393798828125	710.803527832031
-11010.1933593750	-10993.4941406250
-10820.4697265625	-10806.8232421875
-5645.12890625000	-5631.48144531250
-1346.53527832031	-1329.97241210938
2144.93115234375	2156.62402343750
-4734.96289062500	-4727.98291015625
-4428.65966796875	-4421.67187500000
-3434.19140625000	-3418.25146484375
-400.627197265625	-384.570983886719
-59393.7734375000	-59383.5937500000
-229.740447998047	-221.828979492188
-574.752075195313	-568.884948730469
2982.49853515625	2986.03393554688
5547.34033203125	5548.70556640625
5095.74169921875	5094.93994140625
-4975.25488281250	-4959.54638671875
-5829.75390625000	-5813.18017578125
-4378.56640625000	-4362.73437500000
5003.33496093750	5012.18310546875
-1887.50671386719	-1878.54248046875
1592.48547363281	1595.39123535156
2963.49389648438	2965.29077148438
9908.92187500000	9908.55957031250
-8447.10742187500	-8435.07519531250
-9400.34277343750	-9383.12890625000
-4392.80517578125	-4380.66015625000
-149.970718383789	-140.322174072266
2289.31909179688	2295.23828125000
1373.15258789063	1376.89855957031
3790.05590820313	3793.87475585938
-6326.64160156250	-6313.54492187500
-3790.08422851563	-3772.67529296875
-1778.71044921875	-1768.71728515625
-3329.13574218750	-3322.83471679688
-3534.68164062500	-3530.53759765625
-216.331665039063	-212.412139892578
-3370.52270507813	-3359.54223632813
205304.078125000	205304.078125000
-2178.77539062500	-2147.38964843750
-543.938049316406	-521.256225585938
818.208068847656	832.063415527344
445.277709960938	452.853302001953
-3881.12890625000	-3868.99682617188
-70973.2578125000	-70947.8750000000
386.738037109375	407.195831298828
4298.31640625000	4307.93115234375
-824.064392089844	-818.013793945313
2399.95483398438	2402.81982421875
-15961.0566406250	-15960.9208984375
2132.92895507813	2127.83862304688
-2032.15722656250	-2035.31494140625
205303.265625000	205303.265625000
-2389.87255859375	-2359.84667968750
326.983276367188	355.635803222656
-2602.69409179688	-2591.61035156250
5358.27050781250	5365.30517578125
-1099.84350585938	-1094.84838867188
6428.61425781250	6429.65869140625
6723.49169921875	6718.91601562500
-52.2684936523438	-60.8771972656250
-3327.64501953125	-3321.08642578125
-1362.05651855469	-1339.36083984375
-1401.68103027344	-1368.68347167969
-5057.63183593750	-5026.26855468750
-23125.7050781250	-23109.5312500000
5944.49023437500	5952.71142578125
-1870.25915527344	-1859.12902832031
5317.14453125000	5320.11767578125
2250.12695312500	2253.06982421875
5194.69140625000	5197.31005859375
4335.48144531250	4323.52441406250
-6789.37890625000	-6789.65478515625
-864.161804199219	-845.707275390625
1620.80224609375	1644.57995605469
8454.79687500000	8476.80761718750
-3982.54052734375	-3966.64599609375
7959.02929687500	7967.59472656250
7356.34082031250	7359.53613281250
8916.80273437500	8919.13281250000
6524.77832031250	6526.72851562500
326.963287353516	318.304718017578
6738.51220703125	6737.88134765625
4164.95166015625	4169.57226562500
9586.33398437500	9600.74316406250
8886.12011718750	8921.06738281250
9481.94335937500	9500.60546875000
2809.26416015625	2820.00512695313
6471.48193359375	6478.25927734375
-206.489700317383	-202.385742187500
4541.56835937500	4519.64453125000
8998.10644531250	8982.62695312500
5337.97021484375	5334.12744140625
4999.38623046875	5025.81982421875
8997.65039062500	9025.21679687500
6481.62304687500	6499.19775390625
11355.1337890625	11364.9560546875
13444.1074218750	13450.8212890625
3190.18457031250	3193.96240234375
-25573.3710937500	-25576.8261718750
4502.43408203125	4503.82373046875
6695.65576171875	6697.54541015625
3618.29321289063	3618.78930664063
-19199.1640625000	-19223.7617187500
10666.7197265625	10646.5888671875
2830.51928710938	2830.62377929688
4369.19921875000	4384.83251953125
8564.89355468750	8587.64453125000
13640.4140625000	13663.7373046875
14245.9765625000	14265.8505859375
11554.4580078125	11567.5869140625
16014.2802734375	16025.6132812500
12795.4091796875	12805.7568359375
10586.4638671875	10593.4804687500
2387.31689453125	2394.56494140625
3394.60595703125	3369.38427734375
9293.04785156250	9277.08496093750
6086.09570312500	6089.34765625000
10171.2695312500	10191.9199218750
7256.78076171875	7289.05224609375
8613.20605468750	8645.37890625000
5814.79638671875	5834.27148437500
10445.7529296875	10460.9521484375
4660.10253906250	4672.06054687500
6447.91943359375	6459.35107421875
5701.60253906250	5713.83789062500
10253.3125000000	10251.1357421875
10181.2666015625	10192.9921875000
13111.0244140625	13150.4628906250
9571.29980468750	9607.52929687500
10477.7958984375	10503.4052734375
6800.86035156250	6817.02832031250
2637.87792968750	2648.40917968750
9570.41992187500	9579.95019531250
2024.37243652344	2036.40844726563
3948.25781250000	3929.67114257813
6386.88769531250	6385.74023437500
5112.11279296875	5136.78466796875
12248.9541015625	12280.2041015625
7860.03955078125	7874.77929687500
1193.79028320313	1199.53283691406
3523.94799804688	3537.24707031250
2942.31787109375	2952.96118164063
-5125.66455078125	-5122.14355468750
1307.56188964844	1288.18664550781
9169.74023437500	9168.42773437500
8218.21582031250	8237.45800781250
7579.25000000000	7583.97070312500
8775.26367187500	8755.47265625000
7106.89941406250	7083.50878906250
2228.85034179688	2257.72558593750
538.184448242188	518.644531250000
1379.58129882813	1392.89147949219
7295.93115234375	7314.01367187500
4327.48388671875	4339.48437500000
7370.46044921875	7376.13134765625
2579.21386718750	2581.27050781250
-6540.57080078125	-6559.06445312500
9501.92773437500	9493.35156250000
7082.62207031250	7082.63867187500
-2652.94482421875	-2686.10351562500
-3055.49975585938	-3097.65600585938
-1827.71337890625	-1789.89929199219
-1399.49560546875	-1378.70776367188
-19864.3671875000	-19827.7597656250
3357.80249023438	3383.40478515625
3639.82836914063	3656.91821289063
5580.53613281250	5590.26318359375
3694.73583984375	3701.65307617188
6549.00683593750	6533.50634765625
1199.22729492188	1178.26818847656
-4788.60839843750	-4819.23583984375
-3215.56152343750	-3196.94018554688
-1732.03186035156	-1719.77941894531
-321.603881835938	-299.212158203125
960.789489746094	979.002258300781
-3826.35644531250	-3813.26806640625
1260.90808105469	1268.03149414063
-2175.77685546875	-2192.84057617188
-1570.36364746094	-1592.46789550781
-3998.74267578125	-3984.19409179688
-88.1342239379883	-73.7412338256836
-1454.13293457031	-1437.35424804688
1894.87109375000	1913.40930175781
3951.03833007813	3968.79589843750
-1667.84069824219	-1655.07360839844
2855.51904296875	2844.26831054688
-6.02580022811890	2.74713897705078
-5631.33154296875	-5614.99609375000
-8375.33300781250	-8359.32812500000
-2165.19238281250	-2149.09814453125
-4037.29492187500	-4023.12500000000
-26799.2968750000	-26783.3828125000
-952.360656738281	-935.490844726563
-958.338745117188	-942.497619628906
-8726.38769531250	-8706.19531250000
-3026.58715820313	-2982.78027343750
-3875.57348632813	-3850.05419921875
-1670.11059570313	-1659.02319335938
627.820678710938	627.094970703125
-4573.66748046875	-4542.45166015625
-5606.04589843750	-5576.61474609375
-2516.56884765625	-2495.59887695313
-577.940734863281	-578.435852050781
-3077.36254882813	-3060.93457031250
-5315.04443359375	-5298.20263671875
-545.178710937500	-532.317504882813
409.056213378906	413.792480468750
556.473571777344	564.307861328125
-15240.1738281250	-15236.0136718750
-787.698913574219	-785.539855957031
-5936.07226562500	-5923.23583984375
-6200.51513671875	-6216.84716796875
-5856.59960937500	-5869.68994140625
-11418.1005859375	-11425.0302734375
-6694.88916015625	-6713.28125000000
-6714.26562500000	-6728.87304687500
-5716.51562500000	-5729.34814453125
-7893.50488281250	-7889.38281250000
-5905.62402343750	-5901.06347656250
-8142.92285156250	-8147.92724609375
-3455.43139648438	-3452.85034179688
-11395.2343750000	-11388.1992187500
-9553.15917968750	-9545.94921875000
-6467.16064453125	-6459.53955078125
-10737.5039062500	-10729.2695312500
-2443.21704101563	-2437.49365234375
-4540.02050781250	-4559.24658203125
-7734.91943359375	-7745.44824218750
-4427.92578125000	-4436.18847656250
-4003.04174804688	-4008.42163085938
-8280.30078125000	-8283.38671875000
-5932.76367187500	-5932.66601562500
-14425.4843750000	-14425.6367187500
-10420.9072265625	-10421.8027343750
-14945.3378906250	-14947.3876953125
-106984.578125000	-107005.804687500
-10500.1328125000	-10514.1757812500
645.273193359375	640.920593261719
-4640.54150390625	-4643.08154296875
-3942.97998046875	-3946.20483398438
-14231.0585937500	-14231.2832031250
-350.943481445313	-353.807067871094
-1886.51440429688	-1890.63549804688
-6229.81201171875	-6250.66357421875
-599.486328125000	-615.303466796875
483.398223876953	473.925140380859
-2341.65893554688	-2348.48486328125
2116.94409179688	2111.11230468750
-6063.75634765625	-6070.59570312500
-11788.6875000000	-11796.9951171875
-4214.83007812500	-4227.77783203125
-2020.19860839844	-2027.29541015625
-10238.7255859375	-10243.0439453125
1325.04455566406	1316.10717773438
5064.44335937500	5055.37597656250
4262.30908203125	4246.88916015625
3363.42871093750	3363.98608398438
4227.99072265625	4220.34228515625
-376.337860107422	-382.932983398438
-1778.86083984375	-1788.16149902344
-1231.57031250000	-1247.70800781250
-3339.83813476563	-3357.62402343750
-3925.34667968750	-3931.14575195313
-2156.66308593750	-2168.46533203125
-3530.28710937500	-3554.41601562500
-65110.0585937500	-65144.5625000000
-1558.28930664063	-1583.55895996094
-906.126770019531	-928.194274902344
2296.95507812500	2286.17675781250
2940.57104492188	2936.71948242188
-1302.78540039063	-1305.53405761719
-4311.50732421875	-4313.05908203125
-1485.56787109375	-1485.23107910156
-1947.99145507813	-1970.75537109375
-2094.73461914063	-2121.56103515625
-4092.08154296875	-4128.20263671875
-71.9971618652344	-110.992233276367
-2167.22973632813	-2174.72558593750
1679.53637695313	1672.67053222656
-3309.96899414063	-3315.13916015625
-7536.20068359375	-7505.58398437500
-3930.83398437500	-3899.92407226563
-6982.03955078125	-6984.92480468750
-2277.92407226563	-2299.32910156250
161.452972412109	162.127105712891
-4590.25634765625	-4592.38867187500
-7505.14453125000	-7519.47265625000
-7944.32812500000	-7923.94531250000
-3111.78540039063	-3080.10864257813
-6083.43505859375	-6079.62841796875
1129.89562988281	1139.47631835938
-4158.20800781250	-4121.36376953125
-8088.53271484375	-8117.47949218750
53808.1953125000	53812.9609375000
-1948.61474609375	-1935.52905273438
-1350.86828613281	-1344.49865722656
-649.684875488281	-651.972167968750
-86.5961914062500	-59.8685951232910
-4621.16894531250	-4650.77734375000
-12703.4746093750	-12664.3408203125
-3072.79614257813	-3072.69433593750
-2654.76489257813	-2635.39111328125
-1817.20935058594	-1740.06677246094
-392.678588867188	-391.951141357422
-6462.03369140625	-6478.85449218750
-6771.39257812500	-6777.56933593750
-5517.06054687500	-5510.38183593750
12883.7060546875	12833.8095703125
-11450.8154296875	-11455.5449218750
-4938.73291015625	-4942.07666015625
-3014.45776367188	-3003.59936523438
-3434.28613281250	-3401.41333007813
-9076.20410156250	-9073.28906250000
315.607421875000	301.012054443359
-889.104492187500	-897.124694824219
-12360.3105468750	-12322.4414062500
-10216.7519531250	-10234.1445312500
-8483.09570312500	-8497.68652343750
-7253.18701171875	-7261.05810546875
-7626.77978515625	-7629.62402343750
-19653.5273437500	-19657.2285156250
-5577.18750000000	-5578.48046875000
-4888.24023437500	-4875.31445312500
-286.191711425781	-276.884338378906
-3449.72021484375	-3462.92431640625
-3972.58203125000	-3981.14257812500
-1147.20300292969	-1129.51794433594
-10147.4951171875	-10160.9833984375
-7500.12304687500	-7511.64599609375
-2001.64184570313	-2006.73156738281
-4189.10009765625	-4193.04199218750
-1456.71655273438	-1456.05187988281
-3872.49877929688	-3865.74707031250
-4241.71484375000	-4233.54443359375
2621.56005859375	2622.49340820313
-2896.89282226563	-2902.58984375000
-884.865234375000	-894.186645507813
7627.12500000000	7619.47753906250
-875.754394531250	-878.183044433594
-2654.55053710938	-2652.04956054688
2731.67358398438	2738.48120117188
1587.99743652344	1596.04724121094
656.642333984375	663.297546386719
3126.32934570313	3127.11938476563
-3643.07568359375	-3645.52832031250
-1245.31408691406	-1250.65002441406
3393.61352539063	3388.95361328125
-2982.71093750000	-2979.76733398438
2533.44067382813	2539.96899414063
-195.749145507813	-184.895217895508
1331.51696777344	1340.45520019531
124.025268554688	128.106201171875
3679.60205078125	3680.30444335938
2084.98852539063	2084.57495117188
-13625.7919921875	-13615.2636718750
-486.189727783203	-487.583526611328
142.621841430664	140.621887207031
-19.8022212982178	-16.6392192840576
-15228.0263671875	-15232.1552734375
3795.62744140625	3795.91601562500
-3340.25512695313	-3336.37036132813
-5798.76953125000	-5789.29687500000
-4213.30664062500	-4203.56494140625
-2278.55468750000	-2268.76269531250
2684.87011718750	2685.40820312500
-1807.49707031250	-1807.29675292969
2841.26928710938	2837.75097656250
4099.42431640625	4095.25439453125
3888.56054687500	3885.97583007813
2005.97839355469	2004.56909179688
-2377.12475585938	-2385.83471679688
-840.832397460938	-839.308044433594
-40.3020439147949	-36.1152420043945
1423.67956542969	1429.54748535156
4079.94897460938	4084.65795898438
3089.84106445313	3089.17431640625
-2128.57934570313	-2133.55957031250
-792.362182617188	-796.004943847656
2774.70336914063	2769.68432617188
3063.27172851563	3059.54345703125
10334.1611328125	10330.7734375000
11063.6171875000	11065.2695312500
6189.51904296875	6188.52441406250
2536.21386718750	2537.99218750000
9996.52050781250	9993.51660156250
2980.74780273438	2971.80932617188
-678.714477539063	-685.940063476563
-2424.25390625000	-2426.95922851563
3494.26806640625	3490.62475585938
5437.69824218750	5434.93457031250
-3213.07250976563	-3213.54516601563
10637.7734375000	10638.0625000000
4566.07666015625	4564.76171875000
5571.99951171875	5569.67187500000
6760.48925781250	6752.68798828125
4766.88183593750	4758.63867187500
-1521.38195800781	-1524.64599609375
-7998.01953125000	-8001.63281250000
-1300.10839843750	-1302.94763183594
1362.97229003906	1359.43188476563
10417.8769531250	10414.5791015625
5638.58837890625	5633.26367187500
7774.22705078125	7766.98535156250
7595.39208984375	7587.38476562500
7400.33398437500	7393.70605468750
-5724.86669921875	-5730.08251953125
1718.55749511719	1715.03979492188
-1585.94482421875	-1588.34094238281
423.496765136719	420.567169189453
10162.9931640625	10161.0039062500
-2382.56323242188	-2382.20751953125
-5110.06152343750	-5108.23779296875
-6424.42529296875	-6428.44677734375
10472.0771484375	10465.5449218750
3284.06762695313	3277.18652343750
-6045.46337890625	-6051.03027343750
2443.73608398438	2437.32788085938
-4740.56445312500	-4750.46630859375
-6400.67480468750	-6417.05761718750
-15968.3964843750	-15973.6416015625
-1077.03234863281	-1081.88134765625
1906.90014648438	1900.42968750000
3585.54174804688	3585.38623046875
-4699.57617187500	-4698.48681640625
4392.93896484375	4384.51220703125
-6612.87792968750	-6621.16992187500
-5598.18896484375	-5606.24169921875
-3840.37084960938	-3853.80664062500
-3545.79833984375	-3556.96044921875
-7227.25732421875	-7235.90185546875
999.009948730469	984.059143066406
-2206.77758789063	-2207.96459960938
-5772.53222656250	-5771.78564453125
-5262.15185546875	-5273.75634765625
-5166.82763671875	-5177.20751953125
-4353.97167968750	-4372.83789062500
-5164.04296875000	-5180.32226562500
-8860.03125000000	-8868.43066406250
-3266.10278320313	-3277.90747070313
-783.756408691406	-788.677490234375
-8839.72265625000	-8838.55566406250
-9162.82421875000	-9178.48730468750
-5875.15185546875	-5895.28808593750
-4747.45605468750	-4767.64208984375
-5331.72949218750	-5353.88867187500
-4741.57861328125	-4762.66406250000
-6447.58691406250	-6460.97265625000
-35684.9296875000	-35695.6132812500
-5092.10009765625	-5100.20117187500
-5541.90087890625	-5541.18359375000
-3259.53881835938	-3282.23657226563
-7439.59082031250	-7461.95800781250
-5907.65722656250	-5927.90869140625
-5925.64355468750	-5944.84130859375
-2340.64111328125	-2360.25610351563
-10424.8388671875	-10445.3906250000
-8763.91406250000	-8785.65527343750
-7105.37646484375	-7125.94628906250
-8707.85253906250	-8728.82128906250
-7831.70361328125	-7850.09765625000
-8872.46777343750	-8893.79589843750
-7055.49414062500	-7077.90283203125
-8823.34179687500	-8844.57226562500
-13622.6562500000	-13640.6503906250
-11949.0332031250	-11966.4277343750
-7235.21044921875	-7254.43164062500
-695.375793457031	-718.182983398438
-2135.76806640625	-2167.10766601563
-4508.56591796875	-4541.13867187500
-2571.33178710938	-2606.64038085938
-4828.11865234375	-4861.87011718750
-7607.04638671875	-7640.68554687500
-9475.21972656250	-9504.71777343750
-11272.8642578125	-11314.7919921875
-5911.33593750000	-5949.76074218750
-6881.07128906250	-6913.14941406250
-5638.18408203125	-5666.94824218750
-7624.71777343750	-7663.85595703125
-4744.51318359375	-4781.44531250000
-5237.75878906250	-5274.65332031250
-32654.8710937500	-32687.6914062500
-3895.60229492188	-3918.17968750000
-1241.79870605469	-1249.27136230469
-5216.91552734375	-5222.37353515625
-2601.48022460938	-2602.98632812500
10318.4921875000	10316.6035156250
2528.00170898438	2525.37622070313
439.940795898438	439.642730712891
1954.87890625000	1954.42687988281
-6696.29833984375	-6696.71533203125
-59829.9648437500	-59830.8085937500
-136385.546875000	-136297.234375000
-6860.49023437500	-6861.84521484375
-3073.85156250000	-3074.12377929688
375.886474609375	375.272521972656
-1254.56726074219	-1254.13476562500
-43449.0429687500	-43444.2031250000
-1888.94970703125	-1890.27038574219
2065.30395507813	2065.43237304688
275.747894287109	278.591033935547
-1276.91125488281	-1276.47741699219
5345.19726562500	5347.69531250000
3945.83666992188	3945.70507812500
-1178.46264648438	-1179.78881835938
4142.85302734375	4142.86376953125
-8966.77050781250	-8969.04394531250
2995.55566406250	2992.28540039063
4019.08300781250	4020.57275390625
-5985.77929687500	-5875.72363281250
998.726623535156	995.710449218750
-836.540893554688	-837.827148437500
-1628.18041992188	-1631.90930175781
3507.91015625000	3506.72753906250
10201.1376953125	10196.1171875000
-4480.52441406250	-4485.68505859375
-3581.53955078125	-3588.53833007813
-1870.20263671875	-1875.19738769531
-4495.67431640625	-4501.43505859375
308.422119140625	288.084716796875
-5599.93115234375	-5609.72314453125
-2251.78393554688	-2258.69067382813
-58360.3242187500	-58364.0429687500
-3670.20092773438	-3674.86840820313
-2048.07763671875	-2051.68627929688
2309.82202148438	2307.24414062500
4068.83447265625	4068.97167968750
4889.98486328125	4888.66992187500
6461.90869140625	6441.29052734375
-1781.18725585938	-1788.79699707031
-36.9423751831055	-43.3209114074707
563.349670410156	557.941223144531
-3653.99511718750	-3658.91088867188
2610.23559570313	2605.70434570313
6357.68554687500	6352.64257812500
8701.89843750000	8700.66015625000
446.388153076172	437.722808837891
-11199.0585937500	-11206.4902343750
235.331192016602	229.732147216797
2677.10180664063	2672.09521484375
107.488502502441	102.587043762207
784.781127929688	780.667968750000
5071.29638671875	5067.96435546875
-5100.39843750000	-5104.74414062500
-146.125213623047	-146.585723876953
1034.80273437500	1031.44921875000
-230.511825561523	-234.250015258789
3780.68164062500	3775.22119140625
3432.62060546875	3428.95043945313
3233.62133789063	3229.20947265625
205304.078125000	205304.078125000
-233.356674194336	-237.438278198242
4686.49462890625	4682.41015625000
4075.96411132813	4070.61816406250
3829.98217773438	3825.60791015625
-3567.38281250000	-3572.87768554688
-7028.70214843750	-6992.86328125000
1153.33642578125	1148.38635253906
5973.33740234375	5969.86816406250
4185.42724609375	4186.29931640625
4297.37841796875	4301.17529296875
-798.984436035156	-799.899047851563
4413.26953125000	4418.83300781250
3951.07519531250	3955.68994140625
91663.3359375000	91861.9765625000
-1286.39807128906	-1288.77734375000
4287.38085937500	4284.09130859375
882.253601074219	880.796386718750
4189.42578125000	4188.31152343750
-17642.2851562500	-17635.1074218750
3512.29052734375	3522.79956054688
2506.76513671875	2566.42919921875
-7105.65039062500	-7066.60498046875
-10437.9228515625	-10444.1582031250
-798.736572265625	-803.895385742188
-851.596069335938	-856.985107421875
-1704.90502929688	-1709.36450195313
-6094.37939453125	-6098.20068359375
4945.90966796875	4943.14648437500
2165.81762695313	2167.30908203125
2349.63037109375	2354.55151367188
739.680847167969	748.173828125000
923.270568847656	963.631958007813
-143.758636474609	-108.206092834473
-4302.27050781250	-4308.39648437500
-3552.18432617188	-3568.30468750000
2067.65747070313	2063.13720703125
4377.71923828125	4372.92187500000
3303.18432617188	3300.02685546875
7983.30615234375	7983.85351562500
1012.50347900391	1017.19396972656
2542.98339843750	2548.22436523438
5484.17773437500	5512.50244140625
-2600.70581054688	-2609.12597656250
372.744689941406	366.848999023438
10895.9570312500	10890.6445312500
5170.61816406250	5167.75976562500
-978.264221191406	-976.756469726563
-2788.90551757813	-2781.88574218750
-1204.65478515625	-1196.91748046875
7272.19091796875	7278.46630859375
-2918.05761718750	-2909.50805664063
-2216.68603515625	-2224.72192382813
-1804.18176269531	-1808.75292968750
-1657.83093261719	-1662.10339355469
2823.61767578125	2821.59960937500
-5398.83642578125	-5393.23193359375
3704.33837890625	3709.65551757813
1676.17468261719	1687.99621582031
6779.26855468750	6806.70703125000
-453.628631591797	-404.900024414063
-18815.6835937500	-18758.0136718750
5891.89843750000	5908.91113281250
3920.27465820313	3933.69042968750
-2706.42041015625	-2704.54052734375
-11930.8818359375	-11936.3095703125
-4014.74316406250	-4018.73315429688
-4897.69482421875	-4899.00244140625
-10083.2343750000	-10082.7148437500
-3357.32421875000	-3350.24926757813
-266.206817626953	-246.401428222656
2529.01953125000	2562.06567382813
-2694.68505859375	-2648.16479492188
5536.32470703125	5574.15087890625
7475.97314453125	7498.36132812500
5941.39453125000	5948.26220703125
-414.430084228516	-412.430450439453
-12004.0693359375	-12008.4970703125
304.669708251953	302.989593505859
-1341.11401367188	-1339.12451171875
-1996.09130859375	-1986.95983886719
-1997.44799804688	-1982.48718261719
-697.665222167969	-678.060302734375
-1574.92065429688	-1555.31958007813
940.439697265625	952.191711425781
2320.31445312500	2326.37548828125
1878.49951171875	1880.70947265625
10599.7246093750	10601.8974609375
-3478.86865234375	-3478.00097656250
-2064.30224609375	-2058.89624023438
2550.07006835938	2558.77465820313
5483.58691406250	5488.32958984375
1318.70690917969	1321.69360351563
3327.11303710938	3326.21191406250
1993.14038085938	1992.50341796875
5739.76416015625	5737.02441406250
2353.07275390625	2349.35351562500
-10959.5185546875	-10960.7978515625
-3339.10839843750	-3339.71557617188
1271.35302734375	1272.98767089844
4908.64843750000	4906.88671875000
172.669616699219	171.485900878906
446.302429199219	443.226135253906
-2471.92260742188	-2473.53100585938
-1311.74658203125	-1316.04162597656
801.289428710938	797.562683105469
-3563.95849609375	-3569.44042968750
-2160.02099609375	-2164.69848632813
225.824844360352	219.102539062500
2182.40014648438	2176.60937500000
7579.33886718750	7572.73583984375
3801.49340820313	3794.08349609375
-1275.83972167969	-1282.49975585938
1090.29846191406	1084.23242187500
-4169.25537109375	-4174.28515625000
-857.394897460938	-860.451599121094
2216.35717773438	2215.57373046875
407.865142822266	407.507141113281
1668.16235351563	1668.61840820313
-5126.33837890625	-5127.70605468750
180.203811645508	172.724884033203
3732.52685546875	3722.87524414063
2430.85620117188	2424.72778320313
-252.138076782227	-259.277282714844
-1402.20251464844	-1410.94104003906
-2358.83032226563	-2364.30615234375
-7984.28808593750	-7989.85498046875
5899.69287109375	5894.79687500000
865.645874023438	862.156738281250
4665.89208984375	4663.07812500000
2304.46191406250	2303.43920898438
1053.03955078125	1040.92651367188
1920.42956542969	1910.14404296875
-2066.63647460938	-2074.18286132813
287.626281738281	282.001983642578
636.428588867188	629.410278320313
458.901794433594	452.467498779297
5434.06005859375	5421.81005859375
-1685.68359375000	-1689.49475097656
2205.20703125000	2204.38647460938
-3306.73339843750	-3320.64501953125
-921.679504394531	-935.136413574219
-2280.67480468750	-2288.15649414063
-1519.60131835938	-1525.70214843750
-3382.23754882813	-3389.60839843750
421.911651611328	416.436187744141
2620.42333984375	2613.90185546875
-2810.79833984375	-2813.64306640625
1593.66162109375	1591.85546875000
4479.63232421875	4468.38037109375
-2908.56494140625	-2916.84692382813
-4083.19091796875	-4090.81005859375
-1293.52819824219	-1299.65612792969
-4059.93188476563	-4066.10009765625
-30924.6074218750	-30929.1269531250
740.206665039063	735.437866210938
-259.607025146484	-262.991363525391
-3922.80444335938	-3932.35766601563
1610.28845214844	1602.50976562500
-1200.37463378906	-1209.91479492188
-2714.99829101563	-2725.38647460938
1826.54272460938	1814.41955566406
-3062.73632812500	-3070.25048828125
-3767.00097656250	-3777.58593750000
-1875.86755371094	-1886.29150390625
-5327.42187500000	-5337.01464843750
2896.67895507813	2890.47973632813
-5718.26074218750	-5727.42724609375
-5478.81787109375	-5486.83789062500
-1670.86682128906	-1681.45080566406
8110.27050781250	8100.91162109375
-3485.73974609375	-3495.91918945313
-529.697570800781	-539.262268066406
2822.49633789063	2813.83129882813
4333.71093750000	4327.64257812500
56.7878799438477	50.6102676391602
7295.83837890625	7289.63037109375
539.691467285156	534.046936035156
-1770.27209472656	-1776.14892578125
-14758.8779296875	-14764.7304687500
1346.15881347656	1342.07751464844
694.081054687500	688.901672363281
-2581.49267578125	-2588.00585937500
-2375.69360351563	-2382.67382812500
-1530.62634277344	-1539.39819335938
-1013.75091552734	-1021.22644042969
-2419.90063476563	-2427.00537109375
-5423.37109375000	-5427.69140625000
-3865.51318359375	-3871.95263671875
-12791.2353515625	-12842.8515625000
-17795.0117187500	-17849.5312500000
-19709.8378906250	-19768.2714843750
-9033.12500000000	-9092.30761718750
-4589.28173828125	-4647.52490234375
-4765.55468750000	-4823.57177734375
-1913.34533691406	-1971.55847167969
-11425.0244140625	-11480.7744140625
-17525.1152343750	-17555.1523437500
-139903.750000000	-139984.515625000
-18782.4726562500	-18845.2070312500
-9947.07714843750	-10005.6142578125
-9315.22265625000	-9375.18945312500
-6443.49267578125	-6502.80029296875
-60794.5585937500	-60858.4492187500
-4438.31103515625	-4496.08251953125
-3095.42041015625	-3149.24658203125
-15242.8925781250	-15310.5722656250
-12622.1318359375	-12681.9697265625
-6099.10009765625	-6158.93945312500
-7790.41210937500	-7851.59277343750
-9396.88378906250	-9458.22949218750
-10998.3759765625	-11061.4316406250
-13697.6679687500	-13761.2128906250
-3723.34301757813	-3774.26684570313
-3032.67016601563	-3090.62573242188
-40974.9648437500	-41046.0546875000
-7298.27734375000	-7362.86718750000
-9767.07812500000	-9833.55566406250
-7334.27685546875	-7401.46240234375
-7890.91357421875	-7930.79199218750
-5745.27539062500	-5814.95361328125
-5167.90527343750	-5241.51806640625
-13446.7041015625	-13520.4599609375
-12752.4414062500	-12822.8779296875
-13369.8955078125	-13440.4707031250
-8837.56445312500	-8925.59472656250
-15526.6318359375	-15607.2578125000
-18629.9980468750	-18706.4921875000
-71648.4531250000	-71721.5781250000
-14364.7509765625	-14434.7910156250
-14370.3574218750	-14436.7597656250
-7637.38964843750	-7702.84033203125
-1141.66381835938	-1200.22949218750
-1633.66271972656	-1671.67883300781
-8923.61621093750	-9003.15332031250
-18696.6562500000	-18773.5000000000
-17592.0410156250	-17667.9355468750
-11413.5595703125	-11487.6201171875
-14707.8701171875	-14779.4833984375
-12789.2705078125	-12857.5419921875
-1828.59216308594	-1894.73889160156
-1360.16271972656	-1419.21606445313
-10365.8173828125	-10444.1513671875
-20455.7812500000	-20533.5742187500
-16568.9492187500	-16648.9882812500
-16796.0761718750	-16873.1074218750
-12612.9335937500	-12685.4003906250
-9213.30566406250	-9282.83203125000
-5045.06835937500	-5107.86962890625
-12446.4824218750	-12533.8759765625
-13979.7167968750	-14069.7148437500
-16195.3906250000	-16280.3906250000
-13928.6953125000	-14006.3085937500
-10325.2177734375	-10394.9072265625
-9331.66503906250	-9400.51171875000
-12809.4609375000	-12900.7285156250
205304.078125000	205304.078125000
-8024.51513671875	-8116.64892578125
-13983.0039062500	-14067.1855468750
-11272.7783203125	-11346.8847656250
-7162.67431640625	-7232.27050781250
-12798.4492187500	-12887.2099609375
-25646.7851562500	-25725.1328125000
-14716.9179687500	-14790.6406250000
-7106.99169921875	-7178.13818359375
-8788.74121093750	-8857.70507812500
-5032.91992187500	-5097.41650390625
-10577.1474609375	-10637.3740234375
-4639.23486328125	-4689.61181640625
-884.334106445313	-813.794128417969
31366.2207031250	31301.5019531250
-16343.9238281250	-16419.8750000000
-10897.2128906250	-10972.2158203125
-11142.3925781250	-11213.3896484375
-8878.15136718750	-8946.05664062500
-15030.0976562500	-15095.6738281250
-2232.36499023438	-2294.66406250000
-887.041870117188	-939.835327148438
-9556.11230468750	-9412.43359375000
-14859.2255859375	-14940.1796875000
-15029.7480468750	-15108.3515625000
-8620.41406250000	-8697.67480468750
-10142.6103515625	-10219.2246093750
-20616.3320312500	-20690.0195312500
-12594.4833984375	-12664.3378906250
-9104.38964843750	-9170.42675781250
-7411.08251953125	-7475.99365234375
-9309.90625000000	-9372.03906250000
-290.311096191406	-346.419250488281
-6264.31250000000	-6219.19335937500
-6922.16796875000	-7003.91650390625
-8904.32714843750	-8981.95898437500
-9448.73632812500	-9523.20898437500
4746.13818359375	4673.30517578125
-10224.3232421875	-10293.1552734375
-6460.25878906250	-6529.29736328125
-232.653244018555	-297.427917480469
-1544.16113281250	-1608.59643554688
-816.433471679688	-873.325073242188
3252.78173828125	3169.05883789063
11554.1347656250	11475.8095703125
2073.61425781250	2000.82299804688
-2745.47680664063	-2817.43286132813
-3704.92529296875	-3772.51171875000
-5614.20312500000	-5680.83984375000
-7838.39843750000	-7899.89404296875
518.629882812500	470.272094726563
-4997.04150390625	-5014.25146484375
749.280517578125	667.152526855469
10695.2763671875	10619.3857421875
-10440.1064453125	-10514.6699218750
-1252.08349609375	-1320.61828613281
-7657.05615234375	-7723.39843750000
-5616.06250000000	-5681.80224609375
-3514.03051757813	-3576.50537109375
864.315856933594	805.890136718750
-4636.50244140625	-4684.68652343750
-25730.8613281250	-25781.6093750000
-458.089904785156	-507.390869140625
-1514.13378906250	-1561.43469238281
2808.13183593750	2775.68432617188
-11111.2841796875	-11192.4414062500
3847.63061523438	3773.22875976563
-4120.96533203125	-4194.78271484375
-8647.77539062500	-8717.23925781250
-8889.70410156250	-8956.77539062500
-1703.28442382813	-1768.84484863281
155.833587646484	94.4444122314453
-8328.71289062500	-8389.11132812500
-2193.72265625000	-2252.55224609375
-2033.13012695313	-2093.42797851563
1434.19287109375	1376.61645507813
1303.12500000000	1245.02172851563
-9324.97851562500	-9404.61425781250
124.919754028320	51.6790542602539
-287.743499755859	-357.560180664063
-492.515625000000	-561.413513183594
-1276.60046386719	-1342.52587890625
-5262.55273437500	-5326.71582031250
-7419.32519531250	-7480.09326171875
-2114.51879882813	-2174.66918945313
-3625.22753906250	-3684.25878906250
-860.609130859375	-916.549621582031
448.720397949219	391.704772949219
8338.23339843750	8267.32031250000
-3369.55029296875	-3437.53393554688
-4763.28515625000	-4829.86914062500
3788.06250000000	3724.60083007813
-5843.19970703125	-5905.18603515625
804.767028808594	746.487670898438
-890.995422363281	-950.049072265625
7173.22802734375	7116.25878906250
5080.70117187500	5024.47363281250
-2785.05395507813	-2857.47998046875
7139.42675781250	7070.32324218750
4317.17236328125	4250.79345703125
-2536.14965820313	-2601.12548828125
694.661132812500	632.186096191406
34.6486740112305	-25.6649093627930
-2787.93310546875	-2845.01049804688
-5618.57177734375	-5675.15527343750
-1550.13818359375	-1606.32482910156
4590.46875000000	4519.45214843750
12722.9082031250	12656.1162109375
-1031.97790527344	-1096.67797851563
3311.18701171875	3249.71044921875
2617.86108398438	2557.25781250000
-3364.37866210938	-3422.10498046875
-8653.45507812500	-8707.24023437500
-5957.44726562500	-6011.61914062500
-6438.08154296875	-6492.23632812500
-4584.11181640625	-4640.14208984375
-1885.96276855469	-1943.27563476563
-5409.72509765625	-5466.20312500000
366.035705566406	327.386840820313
2048.26391601563	1979.85754394531
8972.39550781250	8907.37695312500
-2304.97827148438	-2366.05688476563
-5031.01953125000	-5087.88916015625
-9219.41894531250	-9275.98339843750
-13335.5244140625	-13390.3291015625
-8707.31250000000	-8761.57910156250
-11913.0957031250	-11966.8691406250
-8063.23437500000	-8118.84277343750
-4913.66015625000	-4970.32910156250
1431.36499023438	1374.95422363281
-3626.00048828125	-3682.95751953125
11079.1513671875	11016.2919921875
-8157.24804687500	-8216.95703125000
-7359.76562500000	-7415.74755859375
-9794.62109375000	-9846.49609375000
-13556.1992187500	-13610.1386718750
-14772.3710937500	-14827.6503906250
-6133.94580078125	-6194.77246093750
-8710.62402343750	-8767.82519531250
-7041.03857421875	-7098.31982421875
-4122.92236328125	-4182.29687500000
-8085.97607421875	-8138.79589843750
-14021.6894531250	-14070.0566406250
-14655.4443359375	-14706.7685546875
-19205.7285156250	-19259.2812500000
-15785.8798828125	-15841.2441406250
-11916.9921875000	-11973.6142578125
-10423.6435546875	-10480.4277343750
-7864.43750000000	-7916.09130859375
-4284.96484375000	-4331.59326171875
-12069.5957031250	-12115.0078125000
-12755.1806640625	-12801.0205078125
-9585.21582031250	-9635.41894531250
-17862.8046875000	-17915.2382812500
-52347.7148437500	-52404.3085937500
-16457.7031250000	-16514.6738281250
-14343.6650390625	-14403.2890625000
-14884.3984375000	-14932.9560546875
-4787.92968750000	-4839.37060546875
-5237.79882812500	-5285.31005859375
-9680.86621093750	-9727.68261718750
-4994.39599609375	-5039.64599609375
-14955.0068359375	-15007.0810546875
-10845.2402343750	-10895.6416015625
-9174.26269531250	-9224.03125000000
-12548.3847656250	-12596.1533203125
-14718.2861328125	-14771.2500000000
-10560.1347656250	-10614.1406250000
-14185.8408203125	-14240.3281250000
-11715.8046875000	-11766.2656250000
-10570.5195312500	-10627.0830078125
-8143.51464843750	-8200.72656250000
-8798.83789062500	-8856.68359375000
-10542.4013671875	-10624.6455078125
-7779.05566406250	-7864.51513671875
-8204.43261718750	-8302.48632812500
-7688.30126953125	-7773.09423828125
-11853.7207031250	-11943.3886718750
-12227.8134765625	-12321.7089843750
-14816.5722656250	-14910.4638671875
-14071.5917968750	-14154.4121093750
-11724.3134765625	-11813.1396484375
-10882.4833984375	-10972.7666015625
-12631.6445312500	-12723.4746093750
-8047.31152343750	-8129.16357421875
-7252.26513671875	-7340.65820312500
-12848.3701171875	-12938.0615234375
-14284.4111328125	-14373.7871093750
-11982.0878906250	-12067.6992187500
-9067.57226562500	-9079.34960937500
-11599.5410156250	-11612.1474609375
-10224.5791015625	-10237.5771484375
5807.52978515625	5793.52392578125
-4547.38525390625	-4559.14990234375
-5494.94238281250	-5503.47607421875
-4243.44531250000	-4251.51318359375
-11179.0107421875	-11177.4072265625
-71311.6484375000	-71308.2578125000
-132199.875000000	-132154.171875000
-18108.0078125000	-18128.0683593750
-10188.7490234375	-10205.1855468750
-7629.31542968750	-7644.51123046875
-9181.12207031250	-9192.88183593750
-32117.3417968750	-32117.8750000000
-9060.28222656250	-9062.80175781250
-8676.68457031250	-8676.31933593750
-10845.6835937500	-10869.7861328125
-14990.1005859375	-15008.6435546875
-4677.76806640625	-4693.68164062500
-7589.69189453125	-7600.95166015625
-8511.63183593750	-8523.04394531250
-3257.66357421875	-3262.43969726563
-19561.0859375000	-19565.0156250000
-6842.44091796875	-6866.81640625000
-6266.99365234375	-6288.36376953125
58102.1250000000	58142.3554687500
-11254.9980468750	-11268.9863281250
-5724.83447265625	-5735.71972656250
-9769.44726562500	-9774.12304687500
13292.0351562500	13375.4042968750
-5328.62158203125	-5350.10595703125
-13682.1357421875	-13701.4980468750
-10108.9873046875	-10125.9931640625
-8146.79345703125	-8161.19531250000
-13123.6132812500	-13129.5244140625
-5282.39501953125	-5309.68847656250
-11911.6972656250	-11929.2187500000
-8618.05859375000	-8632.15039062500
-56904.6640625000	-56913.8554687500
-12475.4921875000	-12479.8769531250
-10788.2451171875	-10794.1992187500
-7807.08203125000	-7811.42138671875
-4286.49707031250	-4289.52587890625
-3711.84472656250	-3713.23095703125
-13853.1816406250	-13875.2998046875
-11828.6455078125	-11844.2373046875
-8496.88769531250	-8509.70800781250
-7481.40332031250	-7490.72119140625
-11418.0361328125	-11423.5605468750
-6293.36962890625	-6296.25927734375
-4660.64648437500	-4663.34082031250
-1422.91162109375	-1426.16357421875
-9413.97070312500	-9437.61328125000
-14909.7001953125	-14922.3437500000
-8446.81250000000	-8454.88183593750
-4409.25781250000	-4413.33593750000
-9351.10351562500	-9355.42578125000
-7457.29931640625	-7459.40917968750
786.024963378906	782.253051757813
-14257.0517578125	-14268.9238281250
-10330.8984375000	-10339.0468750000
-11159.9794921875	-11165.7314453125
-9160.11035156250	-9164.61132812500
-6749.30029296875	-6752.55371093750
-5066.01416015625	-5068.57226562500
-8143.26660156250	-8152.37011718750
205304.078125000	205304.078125000
-9927.36523437500	-9933.26757812500
-8673.52441406250	-8678.21093750000
-8108.21093750000	-8111.36035156250
-5847.72119140625	-5851.36767578125
-16509.8222656250	-16520.0332031250
-15779.4628906250	-15791.7958984375
-6733.86376953125	-6737.56982421875
2307.08618164063	2305.30200195313
-3129.28344726563	-3133.81982421875
-6611.46191406250	-6615.58935546875
-9299.98632812500	-9303.79296875000
-4068.00830078125	-4069.97534179688
-2815.41723632813	-2815.07910156250
205303.265625000	205303.265625000
-9466.49511718750	-9473.42968750000
-5124.36083984375	-5129.85888671875
-3508.26684570313	-3514.06201171875
3371.94409179688	3367.72338867188
-25605.2656250000	-25613.0351562500
-2777.58203125000	-2784.80322265625
-1705.12719726563	-1710.12097167969
-9611.11718750000	-9624.62500000000
-21403.3398437500	-21406.5332031250
-13428.9550781250	-13434.9785156250
-13071.8046875000	-13077.2119140625
-12539.7265625000	-12545.5117187500
-14880.4160156250	-14887.1279296875
-3074.12670898438	-3080.78710937500
-2307.93530273438	-2314.65112304688
-2182.85009765625	-2190.47509765625
-6356.06298828125	-6364.74511718750
-3166.86523437500	-3176.59472656250
-4795.05957031250	-4819.85253906250
-19423.8945312500	-19427.0957031250
-15623.4853515625	-15627.3144531250
-7512.78613281250	-7518.41406250000
-4108.80175781250	-4115.29248046875
-3793.29663085938	-3804.01245117188
-768.478027343750	-783.204956054688
-5708.90039062500	-5723.45898437500
-2592.24560546875	-2606.71826171875
-1368.08508300781	-1379.79870605469
-14570.2792968750	-14570.0761718750
-7104.50634765625	-7111.83447265625
8.45704174041748	-5.31451892852783
-6027.78515625000	-6040.53271484375
-7799.91552734375	-7819.61376953125
-7062.41796875000	-7080.05078125000
-8086.44238281250	-8107.06884765625
-346.754547119141	-364.273376464844
-6182.55371093750	-6203.31835937500
-9278.08300781250	-9286.20312500000
-8379.54980468750	-8396.83691406250
-5971.18994140625	-5991.00097656250
-4732.70263671875	-4755.74414062500
-9322.68457031250	-9342.68945312500
-1337.29370117188	-1356.85546875000
-1901.41894531250	-1921.76440429688
1577.82922363281	1556.76257324219
-4319.10156250000	-4344.05859375000
-22120.4121093750	-22152.1660156250
441.227935791016	414.621887207031
-1132.95556640625	-1134.33813476563
1029.85803222656	1029.89062500000
-13312.9511718750	-13330.4560546875
-6938.51220703125	-6956.04882812500
-13083.0439453125	-13100.7480468750
-12920.9794921875	-12941.5986328125
-7847.56152343750	-7866.25097656250
-2597.60595703125	-2615.95800781250
-1324.16870117188	-1343.02282714844
-4840.25244140625	-4861.40820312500
2615.80761718750	2590.07568359375
2541.76806640625	2530.34716796875
673.192016601563	672.178649902344
51.6225051879883	53.6960639953613
-16681.0234375000	-16698.7988281250
-4043.63110351563	-4062.25195312500
-6729.96777343750	-6748.79785156250
-5054.90673828125	-5072.68701171875
-7028.54345703125	-7042.94140625000
-6207.75878906250	-6215.37646484375
-2939.81933593750	-2943.77319335938
-2838.67602539063	-2846.28198242188
-5886.16601562500	-5890.48925781250
-4311.98095703125	-4312.43408203125
6411.20703125000	6411.64501953125
-5198.68847656250	-5214.69824218750
-2716.12036132813	-2728.02294921875
-2196.60766601563	-2208.84228515625
-146.902359008789	-153.640472412109
-1159.57897949219	-1162.25097656250
1038.85009765625	1035.95483398438
-6918.37207031250	-6921.50683593750
-246.476043701172	-246.607452392578
-6435.88867187500	-6437.39306640625
-14743.1171875000	-14754.3105468750
-6791.18847656250	-6802.70654296875
-5652.95947265625	-5661.25292968750
-4970.70947265625	-4977.63037109375
-7444.76464843750	-7448.30322265625
-5736.33154296875	-5739.60791015625
-4434.33251953125	-4437.81005859375
-9381.10839843750	-9382.79394531250
-7063.54785156250	-7065.43017578125
-8898.79199218750	-8909.45800781250
-7676.22119140625	-7683.84667968750
-5424.87500000000	-5429.60839843750
-3022.74511718750	-3027.30810546875
-1148.66833496094	-1151.33288574219
-3794.40869140625	-3797.28735351563
-11423.4443359375	-11425.8886718750
-6112.57617187500	-6114.77685546875
-13049.3242187500	-13050.0244140625
-6272.68896484375	-6273.65283203125
-3308.45043945313	-3309.37915039063
-2815.58422851563	-2816.07055664063
-835.400695800781	-834.281555175781
-7764.65625000000	-7712.28613281250
-11963.7236328125	-11969.5839843750
659.394287109375	654.625976562500
-6675.50146484375	-6680.13232421875
-7381.72607421875	-7384.11132812500
-11189.8408203125	-11192.6894531250
-10348.2578125000	-10351.5859375000
-9439.85253906250	-9444.21582031250
-2975.79907226563	-2978.64916992188
-3198.53686523438	-3201.97778320313
1069.74401855469	1066.72229003906
-1756.39367675781	-1758.58508300781
-9560.01367187500	-9561.49511718750
-7960.28076171875	-7963.57763671875
-9131.68847656250	-9134.47167968750
-9662.36718750000	-9664.08984375000
-7907.35839843750	-7912.94287109375
-6303.25634765625	-6307.82080078125
-1436.49182128906	-1440.24438476563
-10033.3652343750	-10037.2138671875
-3383.59765625000	-3389.17724609375
-12026.3183593750	-12026.0087890625
-8994.89941406250	-8995.78710937500
-8413.53906250000	-8416.85839843750
-8478.68554687500	-8483.63671875000
-8898.35644531250	-8905.02929687500
-5832.02685546875	-5836.86718750000
-5173.04541015625	-5180.63085937500
-8968.15429687500	-8976.29296875000
-7062.09570312500	-7065.28710937500
-5696.05859375000	-5694.32373046875
-11460.4521484375	-11459.9677734375
-11477.3759765625	-11480.2656250000
-7503.65087890625	-7511.72802734375
-11408.4599609375	-11416.7226562500
-10313.9687500000	-10322.3642578125
-6133.91210937500	-6144.01562500000
-7260.39013671875	-7269.45751953125
-12779.8310546875	-12786.0937500000
-6670.02050781250	-6679.05615234375
-8087.80957031250	-8092.13916015625
-12760.0537109375	-12762.3955078125
-8331.60742187500	-8333.45507812500
-5148.83203125000	-5162.94433593750
-9761.69628906250	-9769.08593750000
-9607.67675781250	-9613.13281250000
-17343.7187500000	-17346.9667968750
-2471.71997070313	-2490.11157226563
-15724.0429687500	-15735.3583984375
-14378.4199218750	-14386.9687500000
-9490.37890625000	-9495.23339843750
-6323.92431640625	-6339.02148437500
-11584.1337890625	-11598.1503906250
-10933.6914062500	-10945.2939453125
1069.17187500000	1049.27246093750
-8034.84033203125	-8049.42089843750
-14872.7705078125	-14886.8271484375
-5875.49853515625	-5898.47558593750
-11542.3349609375	-11562.8769531250
-12046.8085937500	-12062.9472656250
-24977.5410156250	-24990.3007812500
-2149.46215820313	-2173.10913085938
-7308.06689453125	-7327.43994140625
-14943.3193359375	-14958.4599609375
-14720.3593750000	-14728.4804687500
499.676208496094	477.465393066406
-9615.07421875000	-9630.73144531250
-10976.2851562500	-10988.6845703125
-12121.6943359375	-12127.4111328125
-16335.6699218750	-16339.9326171875